function alt = altWindTable()

    alt = [ 32452.5005978, 30777.8092016, 29690.7513985, 28196.2440108, 27129.4270855, 25921.4333433, 23325.8812703, 21641.084214, 19324.7937279, 17671.3673782, 15799.1354739, 13510.5978217, 11776.370098, 10364.2734787, 9165.155577, 8118.34810593, 7186.40700344, 6344.48849124, 5575.20904315, 4865.89864028, 4207.01915369, 3591.1989024, 3012.61500374, 2466.58265617, 1949.27303198, 1457.51409129, 988.646562749, 762.07952581, 540.417635196, 323.429706918, 110.901045388];

end
